<svg width="48" height="48" viewBox="0 0 48 48" fill="none" xmlns="http://www.w3.org/2000/svg">
<path d="M24 43C23.8687 43.0001 23.7386 42.9743 23.6172 42.924C23.4959 42.8738 23.3856 42.8002 23.2927 42.7073C23.1998 42.6144 23.1262 42.5041 23.076 42.3828C23.0257 42.2614 22.9999 42.1313 23 42V37C23 36.7348 23.1054 36.4804 23.2929 36.2929C23.4804 36.1054 23.7348 36 24 36C24.2652 36 24.5196 36.1054 24.7071 36.2929C24.8946 36.4804 25 36.7348 25 37V42C25.0001 42.1313 24.9743 42.2614 24.924 42.3828C24.8738 42.5041 24.8002 42.6144 24.7073 42.7073C24.6144 42.8002 24.5041 42.8738 24.3828 42.924C24.2614 42.9743 24.1313 43.0001 24 43Z" fill="#8491C1"/>
<path d="M4 2H44C44.5304 2 45.0391 2.21071 45.4142 2.58579C45.7893 2.96086 46 3.46957 46 4V6H2V4C2 3.46957 2.21071 2.96086 2.58579 2.58579C2.96086 2.21071 3.46957 2 4 2Z" fill="#CC8679"/>
<path d="M44 2H42C42.5304 2 43.0391 2.21071 43.4142 2.58579C43.7893 2.96086 44 3.46957 44 4V6H46V4C46 3.46957 45.7893 2.96086 45.4142 2.58579C45.0391 2.21071 44.5304 2 44 2Z" fill="#BF7267"/>
<path d="M2 33H46V35C46 35.5304 45.7893 36.0391 45.4142 36.4142C45.0391 36.7893 44.5304 37 44 37H4C3.46957 37 2.96086 36.7893 2.58579 36.4142C2.21071 36.0391 2 35.5304 2 35V33Z" fill="#CC8679"/>
<path d="M44 33V35C44 35.5304 43.7893 36.0391 43.4142 36.4142C43.0391 36.7893 42.5304 37 42 37H44C44.5304 37 45.0391 36.7893 45.4142 36.4142C45.7893 36.0391 46 35.5304 46 35V33H44Z" fill="#BF7267"/>
<path d="M3 6H45V33H3V6Z" fill="#D3DBEF"/>
<path d="M43 6H45V33H43V6Z" fill="#BFCAE2"/>
<path d="M28 16H24C23.7348 16 23.4804 15.8946 23.2929 15.7071C23.1054 15.5196 23 15.2652 23 15C23 14.7348 23.1054 14.4804 23.2929 14.2929C23.4804 14.1054 23.7348 14 24 14H28C28.2652 14 28.5196 14.1054 28.7071 14.2929C28.8946 14.4804 29 14.7348 29 15C29 15.2652 28.8946 15.5196 28.7071 15.7071C28.5196 15.8946 28.2652 16 28 16Z" fill="#8491C1"/>
<path d="M37 20H24C23.7348 20 23.4804 19.8946 23.2929 19.7071C23.1054 19.5196 23 19.2652 23 19C23 18.7348 23.1054 18.4804 23.2929 18.2929C23.4804 18.1054 23.7348 18 24 18H37C37.2652 18 37.5196 18.1054 37.7071 18.2929C37.8946 18.4804 38 18.7348 38 19C38 19.2652 37.8946 19.5196 37.7071 19.7071C37.5196 19.8946 37.2652 20 37 20Z" fill="#8491C1"/>
<path d="M37 24H24C23.7348 24 23.4804 23.8946 23.2929 23.7071C23.1054 23.5196 23 23.2652 23 23C23 22.7348 23.1054 22.4804 23.2929 22.2929C23.4804 22.1054 23.7348 22 24 22H37C37.2652 22 37.5196 22.1054 37.7071 22.2929C37.8946 22.4804 38 22.7348 38 23C38 23.2652 37.8946 23.5196 37.7071 23.7071C37.5196 23.8946 37.2652 24 37 24Z" fill="#8491C1"/>
<path d="M16 24H11C10.7348 24 10.4804 23.8946 10.2929 23.7071C10.1054 23.5196 10 23.2652 10 23C10 22.7348 10.1054 22.4804 10.2929 22.2929C10.4804 22.1054 10.7348 22 11 22H16V20H12C11.4698 19.9993 10.9615 19.7884 10.5865 19.4135C10.2116 19.0385 10.0007 18.5302 10 18V16C10.0007 15.4698 10.2116 14.9615 10.5865 14.5865C10.9615 14.2116 11.4698 14.0007 12 14H17C17.2652 14 17.5196 14.1054 17.7071 14.2929C17.8946 14.4804 18 14.7348 18 15C18 15.2652 17.8946 15.5196 17.7071 15.7071C17.5196 15.8946 17.2652 16 17 16H12V18H16C16.5302 18.0007 17.0385 18.2116 17.4135 18.5865C17.7884 18.9615 17.9993 19.4698 18 20V22C17.9993 22.5302 17.7884 23.0385 17.4135 23.4135C17.0385 23.7884 16.5302 23.9993 16 24Z" fill="#8491C1"/>
<path d="M14 16C13.8687 16.0001 13.7386 15.9743 13.6172 15.924C13.4959 15.8738 13.3856 15.8002 13.2927 15.7073C13.1998 15.6144 13.1262 15.5041 13.076 15.3828C13.0257 15.2614 12.9999 15.1313 13 15V13C13 12.7348 13.1054 12.4804 13.2929 12.2929C13.4804 12.1054 13.7348 12 14 12C14.2652 12 14.5196 12.1054 14.7071 12.2929C14.8946 12.4804 15 12.7348 15 13V15C15.0001 15.1313 14.9743 15.2614 14.924 15.3828C14.8738 15.5041 14.8002 15.6144 14.7073 15.7073C14.6144 15.8002 14.5041 15.8738 14.3828 15.924C14.2614 15.9743 14.1313 16.0001 14 16Z" fill="#8491C1"/>
<path d="M14 26C13.8687 26.0001 13.7386 25.9743 13.6172 25.924C13.4959 25.8738 13.3856 25.8002 13.2927 25.7073C13.1998 25.6144 13.1262 25.5041 13.076 25.3828C13.0257 25.2614 12.9999 25.1313 13 25V23C13 22.7348 13.1054 22.4804 13.2929 22.2929C13.4804 22.1054 13.7348 22 14 22C14.2652 22 14.5196 22.1054 14.7071 22.2929C14.8946 22.4804 15 22.7348 15 23V25C15.0001 25.1313 14.9743 25.2614 14.924 25.3828C14.8738 25.5041 14.8002 25.6144 14.7073 25.7073C14.6144 25.8002 14.5041 25.8738 14.3828 25.924C14.2614 25.9743 14.1313 26.0001 14 26Z" fill="#8491C1"/>
<path d="M24 47C23.4067 47 22.8266 46.8241 22.3333 46.4944C21.8399 46.1648 21.4554 45.6962 21.2284 45.148C21.0013 44.5999 20.9419 43.9967 21.0576 43.4147C21.1734 42.8328 21.4591 42.2982 21.8787 41.8787C22.2982 41.4591 22.8328 41.1734 23.4147 41.0576C23.9967 40.9419 24.5999 41.0013 25.1481 41.2284C25.6962 41.4554 26.1648 41.8399 26.4944 42.3333C26.8241 42.8266 27 43.4067 27 44C26.9991 44.7954 26.6828 45.5579 26.1204 46.1204C25.5579 46.6828 24.7954 46.9991 24 47ZM24 43C23.8022 43 23.6089 43.0586 23.4444 43.1685C23.28 43.2784 23.1518 43.4346 23.0761 43.6173C23.0004 43.8 22.9806 44.0011 23.0192 44.1951C23.0578 44.3891 23.153 44.5673 23.2929 44.7071C23.4327 44.847 23.6109 44.9422 23.8049 44.9808C23.9989 45.0194 24.2 44.9996 24.3827 44.9239C24.5654 44.8482 24.7216 44.72 24.8315 44.5556C24.9414 44.3911 25 44.1978 25 44C24.9998 43.7348 24.8944 43.4806 24.7069 43.2931C24.5194 43.1056 24.2652 43.0002 24 43Z" fill="#8491C1"/>
<path d="M47 6V4C46.9991 3.20462 46.6828 2.44206 46.1204 1.87964C45.5579 1.31722 44.7954 1.00087 44 1H4C3.20462 1.00087 2.44206 1.31722 1.87964 1.87964C1.31722 2.44206 1.00087 3.20462 1 4V6C0.999921 6.13134 1.02573 6.26142 1.07596 6.38278C1.12619 6.50414 1.19984 6.61441 1.29272 6.70728C1.38559 6.80016 1.49586 6.87381 1.61722 6.92404C1.73858 6.97427 1.86866 7.00008 2 7V32C1.86866 31.9999 1.73858 32.0257 1.61722 32.076C1.49586 32.1262 1.38559 32.1998 1.29272 32.2927C1.19984 32.3856 1.12619 32.4959 1.07596 32.6172C1.02573 32.7386 0.999921 32.8687 1 33V35C1.00087 35.7954 1.31722 36.5579 1.87964 37.1204C2.44206 37.6828 3.20462 37.9991 4 38H23V41.1843C22.3328 41.4202 21.7704 41.8844 21.4124 42.4948C21.0543 43.1052 20.9235 43.8225 21.0432 44.52C21.1629 45.2175 21.5253 45.8503 22.0663 46.3064C22.6074 46.7625 23.2923 47.0127 24 47.0127C24.7077 47.0127 25.3926 46.7625 25.9337 46.3064C26.4747 45.8503 26.8371 45.2175 26.9568 44.52C27.0765 43.8225 26.9457 43.1052 26.5876 42.4948C26.2296 41.8844 25.6672 41.4202 25 41.1843V38H44C44.7954 37.9991 45.5579 37.6828 46.1204 37.1204C46.6828 36.5579 46.9991 35.7954 47 35V33C47.0001 32.8687 46.9743 32.7386 46.924 32.6172C46.8738 32.4959 46.8002 32.3856 46.7073 32.2927C46.6144 32.1998 46.5041 32.1262 46.3828 32.076C46.2614 32.0257 46.1313 31.9999 46 32V7C46.1313 7.00008 46.2614 6.97427 46.3828 6.92404C46.5041 6.87381 46.6144 6.80016 46.7073 6.70728C46.8002 6.61441 46.8738 6.50414 46.924 6.38278C46.9743 6.26142 47.0001 6.13134 47 6ZM24 45C23.8022 45 23.6089 44.9414 23.4444 44.8315C23.28 44.7216 23.1518 44.5654 23.0761 44.3827C23.0004 44.2 22.9806 43.9989 23.0192 43.8049C23.0578 43.6109 23.153 43.4327 23.2929 43.2929C23.4327 43.153 23.6109 43.0578 23.8049 43.0192C23.9989 42.9806 24.2 43.0004 24.3827 43.0761C24.5654 43.1518 24.7216 43.28 24.8315 43.4444C24.9414 43.6089 25 43.8022 25 44C24.9998 44.2652 24.8944 44.5194 24.7069 44.7069C24.5194 44.8944 24.2652 44.9998 24 45ZM3 4C3.00019 3.73484 3.1056 3.48059 3.2931 3.2931C3.48059 3.1056 3.73484 3.00019 4 3H44C44.2652 3.00019 44.5194 3.1056 44.7069 3.2931C44.8944 3.48059 44.9998 3.73484 45 4V5H3V4ZM45 35C44.9998 35.2652 44.8944 35.5194 44.7069 35.7069C44.5194 35.8944 44.2652 35.9998 44 36H4C3.73484 35.9998 3.48059 35.8944 3.2931 35.7069C3.1056 35.5194 3.00019 35.2652 3 35V34H45V35ZM44 32H4V7H44V32Z" fill="#231F20"/>
<path d="M24 16H28C28.2652 16 28.5196 15.8946 28.7071 15.7071C28.8946 15.5196 29 15.2652 29 15C29 14.7348 28.8946 14.4804 28.7071 14.2929C28.5196 14.1054 28.2652 14 28 14H24C23.7348 14 23.4804 14.1054 23.2929 14.2929C23.1054 14.4804 23 14.7348 23 15C23 15.2652 23.1054 15.5196 23.2929 15.7071C23.4804 15.8946 23.7348 16 24 16Z" fill="#231F20"/>
<path d="M24 20H37C37.2652 20 37.5196 19.8946 37.7071 19.7071C37.8946 19.5196 38 19.2652 38 19C38 18.7348 37.8946 18.4804 37.7071 18.2929C37.5196 18.1054 37.2652 18 37 18H24C23.7348 18 23.4804 18.1054 23.2929 18.2929C23.1054 18.4804 23 18.7348 23 19C23 19.2652 23.1054 19.5196 23.2929 19.7071C23.4804 19.8946 23.7348 20 24 20Z" fill="#231F20"/>
<path d="M24 24H37C37.2652 24 37.5196 23.8946 37.7071 23.7071C37.8946 23.5196 38 23.2652 38 23C38 22.7348 37.8946 22.4804 37.7071 22.2929C37.5196 22.1054 37.2652 22 37 22H24C23.7348 22 23.4804 22.1054 23.2929 22.2929C23.1054 22.4804 23 22.7348 23 23C23 23.2652 23.1054 23.5196 23.2929 23.7071C23.4804 23.8946 23.7348 24 24 24Z" fill="#231F20"/>
<path d="M11 22C10.7348 22 10.4804 22.1054 10.2929 22.2929C10.1054 22.4804 10 22.7348 10 23C10 23.2652 10.1054 23.5196 10.2929 23.7071C10.4804 23.8946 10.7348 24 11 24H13V25C13 25.2652 13.1054 25.5196 13.2929 25.7071C13.4804 25.8946 13.7348 26 14 26C14.2652 26 14.5196 25.8946 14.7071 25.7071C14.8946 25.5196 15 25.2652 15 25V24H16C16.5302 23.9993 17.0385 23.7884 17.4135 23.4135C17.7884 23.0385 17.9993 22.5302 18 22V20C17.9993 19.4698 17.7884 18.9615 17.4135 18.5865C17.0385 18.2116 16.5302 18.0007 16 18H12V16H17C17.2652 16 17.5196 15.8946 17.7071 15.7071C17.8946 15.5196 18 15.2652 18 15C18 14.7348 17.8946 14.4804 17.7071 14.2929C17.5196 14.1054 17.2652 14 17 14H15V13C15 12.7348 14.8946 12.4804 14.7071 12.2929C14.5196 12.1054 14.2652 12 14 12C13.7348 12 13.4804 12.1054 13.2929 12.2929C13.1054 12.4804 13 12.7348 13 13V14H12C11.4698 14.0007 10.9615 14.2116 10.5865 14.5865C10.2116 14.9615 10.0007 15.4698 10 16V18C10.0007 18.5302 10.2116 19.0385 10.5865 19.4135C10.9615 19.7884 11.4698 19.9993 12 20H16V22H11Z" fill="#231F20"/>
</svg>
